6
36
21.250000 75.574013 12.500000
0.000000 0.000000 1.000000
0.645610 0.504972
1.000000 0.000000 0.000000 0.000000
1 0 0 0
-21.250000 75.574013 12.500000
0.000000 0.000000 1.000000
0.326910 0.504972
1.000000 0.000000 0.000000 0.000000
1 0 0 0
-21.250000 50.574013 12.500000
0.000000 0.000000 1.000000
0.326910 0.729945
0.999713 0.000000 0.000000 0.000000
1 0 0 0
21.250000 75.574013 12.500000
0.000000 0.000000 1.000000
0.645610 0.504972
1.000000 0.000000 0.000000 0.000000
1 0 0 0
-21.250000 50.574013 12.500000
0.000000 0.000000 1.000000
0.326910 0.729945
0.999713 0.000000 0.000000 0.000000
1 0 0 0
21.250000 50.574013 12.500000
0.000000 0.000000 1.000000
0.645610 0.729945
0.999713 0.000000 0.000000 0.000000
1 0 0 0
21.250000 75.574013 12.500000
0.000000 1.000000 0.000000
0.645610 0.504972
1.000000 0.000000 0.000000 0.000000
1 0 0 0
21.250000 75.574013 -12.500000
0.000000 1.000000 0.000000
0.645610 0.276370
1.000000 0.000000 0.000000 0.000000
1 0 0 0
-21.250000 75.574013 12.500000
0.000000 1.000000 0.000000
0.326910 0.504972
1.000000 0.000000 0.000000 0.000000
1 0 0 0
-21.250000 75.574013 12.500000
0.000000 1.000000 0.000000
0.326910 0.504972
1.000000 0.000000 0.000000 0.000000
1 0 0 0
21.250000 75.574013 -12.500000
0.000000 1.000000 0.000000
0.645610 0.276370
1.000000 0.000000 0.000000 0.000000
1 0 0 0
-21.250000 75.574013 -12.500000
0.000000 1.000000 0.000000
0.326910 0.276370
1.000000 0.000000 0.000000 0.000000
1 0 0 0
21.250000 50.574013 -12.500000
0.000000 0.000000 -1.000000
0.645610 0.046342
0.999713 0.000000 0.000000 0.000000
1 0 0 0
-21.250000 50.574013 -12.500000
0.000000 0.000000 -1.000000
0.326910 0.046342
0.999713 0.000000 0.000000 0.000000
1 0 0 0
-21.250000 75.574013 -12.500000
0.000000 0.000000 -1.000000
0.326910 0.276370
1.000000 0.000000 0.000000 0.000000
1 0 0 0
21.250000 50.574013 -12.500000
0.000000 0.000000 -1.000000
0.645610 0.046342
0.999713 0.000000 0.000000 0.000000
1 0 0 0
-21.250000 75.574013 -12.500000
0.000000 0.000000 -1.000000
0.326910 0.276370
1.000000 0.000000 0.000000 0.000000
1 0 0 0
21.250000 75.574013 -12.500000
0.000000 0.000000 -1.000000
0.645610 0.276370
1.000000 0.000000 0.000000 0.000000
1 0 0 0
21.250000 50.574013 12.500000
0.000000 -1.000000 0.000000
0.645610 0.729945
0.999713 0.000000 0.000000 0.000000
1 0 0 0
-21.250000 50.574013 12.500000
0.000000 -1.000000 0.000000
0.326910 0.729945
0.999713 0.000000 0.000000 0.000000
1 0 0 0
-21.250000 50.574013 -12.500000
0.000000 -1.000000 0.000000
0.326910 0.964452
0.999713 0.000000 0.000000 0.000000
1 0 0 0
21.250000 50.574013 12.500000
0.000000 -1.000000 0.000000
0.645610 0.729945
0.999713 0.000000 0.000000 0.000000
1 0 0 0
-21.250000 50.574013 -12.500000
0.000000 -1.000000 0.000000
0.326910 0.964452
0.999713 0.000000 0.000000 0.000000
1 0 0 0
21.250000 50.574013 -12.500000
0.000000 -1.000000 0.000000
0.645610 0.964452
0.999713 0.000000 0.000000 0.000000
1 0 0 0
21.250000 75.574013 12.500000
1.000000 0.000000 0.000000
0.645610 0.504972
1.000000 0.000000 0.000000 0.000000
1 0 0 0
21.250000 50.574013 12.500000
1.000000 0.000000 0.000000
0.645610 0.729945
0.999713 0.000000 0.000000 0.000000
1 0 0 0
21.250000 75.574013 -12.500000
1.000000 0.000000 0.000000
0.879580 0.504972
1.000000 0.000000 0.000000 0.000000
1 0 0 0
21.250000 50.574013 12.500000
1.000000 0.000000 0.000000
0.645610 0.729945
0.999713 0.000000 0.000000 0.000000
1 0 0 0
21.250000 50.574013 -12.500000
1.000000 0.000000 0.000000
0.879580 0.729782
0.999713 0.000000 0.000000 0.000000
1 0 0 0
21.250000 75.574013 -12.500000
1.000000 0.000000 0.000000
0.879580 0.504972
1.000000 0.000000 0.000000 0.000000
1 0 0 0
-21.250000 75.574013 12.500000
-1.000000 0.000000 0.000000
0.326910 0.504972
1.000000 0.000000 0.000000 0.000000
1 0 0 0
-21.250000 50.574013 -12.500000
-1.000000 0.000000 0.000000
0.095230 0.729782
0.999713 0.000000 0.000000 0.000000
1 0 0 0
-21.250000 50.574013 12.500000
-1.000000 0.000000 0.000000
0.326910 0.729945
0.999713 0.000000 0.000000 0.000000
1 0 0 0
-21.250000 50.574013 -12.500000
-1.000000 0.000000 0.000000
0.095230 0.729782
0.999713 0.000000 0.000000 0.000000
1 0 0 0
-21.250000 75.574013 12.500000
-1.000000 0.000000 0.000000
0.326910 0.504972
1.000000 0.000000 0.000000 0.000000
1 0 0 0
-21.250000 75.574013 -12.500000
-1.000000 0.000000 0.000000
0.095230 0.504972
1.000000 0.000000 0.000000 0.000000
1 0 0 0
36
0 1 2 3 4 5 6 7 8 9 10 11 12 13 14 15 16 17 18 19 20 21 22 23 24 25 26 27 28 29 30 31 32 33 34 35
1
0
36
0.800000 0.800000 0.800000 1.000000
skinned_mesh_ps.cso
danbo_taiki.fbm\danbo_face_c.png
1.000000 0.000000 0.000000 0.000000 0.000000 1.000000 0.000000 0.000000 0.000000 0.000000 1.000000 0.000000 0.000000 0.000000 0.000000 1.000000
1
61
0.016667
6
0.997657 0.068416 0.000000 0.000000 -0.068416 0.997657 -0.000000 0.000000 -0.000000 0.000000 1.000000 0.000000 1.430566 0.048994 0.000000 1.000000
0.987898 0.155107 -0.000000 0.000000 -0.155107 0.987898 0.000000 0.000000 0.000000 0.000000 1.000000 0.000000 5.763797 0.536807 -0.000000 1.000000
0.405509 -0.914091 0.000000 0.000000 0.914091 0.405509 0.000000 0.000000 -0.000000 0.000000 1.000000 0.000000 -36.020565 38.799709 -0.000000 1.000000
0.276929 0.960891 0.000000 0.000000 -0.960891 0.276929 0.000000 0.000000 0.000000 -0.000000 1.000000 0.000000 33.241184 43.549496 0.000000 1.000000
1.000000 0.000000 -0.000000 0.000000 -0.000000 1.000000 0.000000 0.000000 0.000000 -0.000000 1.000000 0.000000 0.000000 0.000000 0.000000 1.000000
1.000000 -0.000000 0.000000 0.000000 0.000000 1.000000 0.000000 0.000000 -0.000000 0.000000 1.000000 0.000000 -0.000000 0.000000 0.000000 1.000000
6
0.997686 0.067991 0.000000 0.000000 -0.067991 0.997686 -0.000000 0.000000 -0.000000 0.000000 1.000000 0.000000 1.421680 0.048387 0.000000 1.000000
0.988133 0.153602 -0.000000 0.000000 -0.153602 0.988133 0.000000 0.000000 0.000000 0.000000 1.000000 0.000000 5.700912 0.525897 -0.000000 1.000000
0.409182 -0.912453 0.000000 0.000000 0.912453 0.409182 0.000000 0.000000 -0.000000 0.000000 1.000000 0.000000 -35.979805 38.608772 -0.000000 1.000000
0.281608 0.959530 0.000000 0.000000 -0.959530 0.281608 0.000000 0.000000 0.000000 -0.000000 1.000000 0.000000 33.245979 43.326466 0.000000 1.000000
1.000000 0.000000 -0.000000 0.000000 -0.000000 1.000000 0.000000 0.000000 0.000000 -0.000000 1.000000 0.000000 0.000000 0.000000 0.000000 1.000000
1.000000 -0.000000 0.000000 0.000000 0.000000 1.000000 0.000000 0.000000 -0.000000 0.000000 1.000000 0.000000 -0.000000 0.000000 0.000000 1.000000
6
0.997769 0.066755 0.000000 0.000000 -0.066755 0.997769 -0.000000 0.000000 -0.000000 0.000000 1.000000 0.000000 1.395827 0.046641 0.000000 1.000000
0.988798 0.149261 -0.000000 0.000000 -0.149261 0.988798 0.000000 0.000000 0.000000 0.000000 1.000000 0.000000 5.519883 0.495084 -0.000000 1.000000
0.419444 -0.907781 0.000000 0.000000 0.907781 0.419444 0.000000 0.000000 -0.000000 0.000000 1.000000 0.000000 -35.860397 38.073574 -0.000000 1.000000
0.294778 0.955566 0.000000 0.000000 -0.955566 0.294778 0.000000 0.000000 0.000000 -0.000000 1.000000 0.000000 33.254391 42.697662 0.000000 1.000000
1.000000 0.000000 -0.000000 0.000000 -0.000000 1.000000 0.000000 0.000000 0.000000 -0.000000 1.000000 0.000000 0.000000 0.000000 0.000000 1.000000
1.000000 -0.000000 0.000000 0.000000 0.000000 1.000000 0.000000 0.000000 -0.000000 0.000000 1.000000 0.000000 -0.000000 0.000000 0.000000 1.000000
6
0.997901 0.064765 0.000000 0.000000 -0.064765 0.997901 -0.000000 0.000000 -0.000000 0.000000 1.000000 0.000000 1.354215 0.043898 0.000000 1.000000
0.989817 0.142345 -0.000000 0.000000 -0.142345 0.989817 0.000000 0.000000 0.000000 0.000000 1.000000 0.000000 5.232053 0.447950 -0.000000 1.000000
0.435127 -0.900369 0.000000 0.000000 0.900369 0.435127 0.000000 0.000000 -0.000000 0.000000 1.000000 0.000000 -35.663025 37.251232 -0.000000 1.000000
0.315097 0.949060 0.000000 0.000000 -0.949060 0.315097 0.000000 0.000000 0.000000 -0.000000 1.000000 0.000000 33.251610 41.723888 0.000000 1.000000
1.000000 0.000000 -0.000000 0.000000 -0.000000 1.000000 0.000000 0.000000 0.000000 -0.000000 1.000000 0.000000 0.000000 0.000000 0.000000 1.000000
1.000000 -0.000000 0.000000 0.000000 0.000000 1.000000 0.000000 0.000000 -0.000000 0.000000 1.000000 0.000000 -0.000000 0.000000 0.000000 1.000000
6
0.998071 0.062079 0.000000 0.000000 -0.062079 0.998071 -0.000000 0.000000 -0.000000 0.000000 1.000000 0.000000 1.298050 0.040329 0.000000 1.000000
0.991101 0.133113 -0.000000 0.000000 -0.133113 0.991101 0.000000 0.000000 0.000000 0.000000 1.000000 0.000000 4.848688 0.388744 -0.000000 1.000000
0.455037 -0.890473 0.000000 0.000000 0.890473 0.455037 0.000000 0.000000 -0.000000 0.000000 1.000000 0.000000 -35.386410 36.199543 -0.000000 1.000000
0.341184 0.939997 0.000000 0.000000 -0.939997 0.341184 0.000000 0.000000 0.000000 -0.000000 1.000000 0.000000 33.219006 40.466736 0.000000 1.000000
1.000000 0.000000 -0.000000 0.000000 -0.000000 1.000000 0.000000 0.000000 0.000000 -0.000000 1.000000 0.000000 0.000000 0.000000 0.000000 1.000000
1.000000 -0.000000 0.000000 0.000000 0.000000 1.000000 0.000000 0.000000 -0.000000 0.000000 1.000000 0.000000 -0.000000 0.000000 0.000000 1.000000
6
0.998272 0.058754 0.000000 0.000000 -0.058754 0.998272 -0.000000 0.000000 -0.000000 0.000000 1.000000 0.000000 1.228539 0.036122 0.000000 1.000000
0.992552 0.121824 -0.000000 0.000000 -0.121824 0.992552 0.000000 0.000000 0.000000 0.000000 1.000000 0.000000 4.381042 0.322071 -0.000000 1.000000
0.477979 -0.878371 0.000000 0.000000 0.878371 0.477979 0.000000 0.000000 -0.000000 0.000000 1.000000 0.000000 -35.030315 34.976582 -0.000000 1.000000
0.371641 0.928376 0.000000 0.000000 -0.928376 0.371641 0.000000 0.000000 0.000000 -0.000000 1.000000 0.000000 33.138363 38.988747 0.000000 1.000000
1.000000 0.000000 -0.000000 0.000000 -0.000000 1.000000 0.000000 0.000000 0.000000 -0.000000 1.000000 0.000000 0.000000 0.000000 0.000000 1.000000
1.000000 -0.000000 0.000000 0.000000 0.000000 1.000000 0.000000 0.000000 -0.000000 0.000000 1.000000 0.000000 -0.000000 0.000000 0.000000 1.000000
6
0.998495 0.054849 0.000000 0.000000 -0.054849 0.998495 -0.000000 0.000000 -0.000000 0.000000 1.000000 0.000000 1.146886 0.031476 0.000000 1.000000
0.994071 0.108737 -0.000000 0.000000 -0.108737 0.994071 0.000000 0.000000 0.000000 0.000000 1.000000 0.000000 3.840426 0.252611 -0.000000 1.000000
0.502782 -0.864413 0.000000 0.000000 0.864413 0.502782 0.000000 0.000000 -0.000000 0.000000 1.000000 0.000000 -34.597954 33.640251 -0.000000 1.000000
0.405074 0.914284 0.000000 0.000000 -0.914284 0.405074 0.000000 0.000000 -0.000000 -0.000000 1.000000 0.000000 32.995384 37.353317 0.000000 1.000000
1.000000 0.000000 -0.000000 0.000000 -0.000000 1.000000 0.000000 0.000000 0.000000 -0.000000 1.000000 0.000000 0.000000 0.000000 0.000000 1.000000
1.000000 -0.000000 0.000000 0.000000 0.000000 1.000000 0.000000 0.000000 -0.000000 0.000000 1.000000 0.000000 -0.000000 0.000000 0.000000 1.000000
6
0.998728 0.050421 0.000000 0.000000 -0.050421 0.998728 -0.000000 0.000000 -0.000000 0.000000 1.000000 0.000000 1.054298 0.026596 0.000000 1.000000
0.995561 0.094114 -0.000000 0.000000 -0.094114 0.995561 0.000000 0.000000 0.000000 0.000000 1.000000 0.000000 3.238248 0.184877 -0.000000 1.000000
0.528314 -0.849049 0.000000 0.000000 0.849049 0.528314 0.000000 0.000000 -0.000000 0.000000 1.000000 0.000000 -34.097599 32.247746 -0.000000 1.000000
0.440117 0.897941 0.000000 0.000000 -0.897941 0.440117 0.000000 0.000000 -0.000000 -0.000000 1.000000 0.000000 32.782345 35.624241 0.000000 1.000000
1.000000 0.000000 -0.000000 0.000000 -0.000000 1.000000 0.000000 0.000000 0.000000 -0.000000 1.000000 0.000000 0.000000 0.000000 0.000000 1.000000
1.000000 -0.000000 0.000000 0.000000 0.000000 1.000000 0.000000 0.000000 -0.000000 0.000000 1.000000 0.000000 -0.000000 0.000000 0.000000 1.000000
6
0.998963 0.045528 0.000000 0.000000 -0.045528 0.998963 -0.000000 0.000000 -0.000000 0.000000 1.000000 0.000000 0.951982 0.021682 0.000000 1.000000
0.996936 0.078219 -0.000000 0.000000 -0.078219 0.996936 0.000000 0.000000 0.000000 0.000000 1.000000 0.000000 2.586046 0.122996 -0.000000 1.000000
0.553508 -0.832844 0.000000 0.000000 0.832844 0.553508 -0.000000 0.000000 -0.000000 0.000000 1.000000 0.000000 -33.543591 30.854918 -0.000000 1.000000
0.475456 0.879740 0.000000 0.000000 -0.879740 0.475456 0.000000 0.000000 -0.000000 -0.000000 1.000000 0.000000 32.499920 33.864902 0.000000 1.000000
1.000000 0.000000 -0.000000 0.000000 -0.000000 1.000000 0.000000 0.000000 0.000000 -0.000000 1.000000 0.000000 0.000000 0.000000 0.000000 1.000000
1.000000 -0.000000 0.000000 0.000000 0.000000 1.000000 0.000000 0.000000 -0.000000 0.000000 1.000000 0.000000 -0.000000 0.000000 0.000000 1.000000
6
0.999191 0.040228 0.000000 0.000000 -0.040228 0.999191 -0.000000 0.000000 -0.000000 0.000000 1.000000 0.000000 0.841148 0.016925 0.000000 1.000000
0.998118 0.061321 -0.000000 0.000000 -0.061321 0.998118 0.000000 0.000000 0.000000 0.000000 1.000000 0.000000 1.895494 0.070531 -0.000000 1.000000
0.577366 -0.816485 0.000000 0.000000 0.816485 0.577366 -0.000000 0.000000 -0.000000 0.000000 1.000000 0.000000 -32.956589 29.515732 -0.000000 1.000000
0.509860 0.860257 0.000000 0.000000 -0.860257 0.509860 0.000000 0.000000 -0.000000 -0.000000 1.000000 0.000000 32.158108 32.137283 0.000000 1.000000
1.000000 0.000000 -0.000000 0.000000 -0.000000 1.000000 0.000000 0.000000 0.000000 -0.000000 1.000000 0.000000 0.000000 0.000000 0.000000 1.000000
1.000000 -0.000000 0.000000 0.000000 0.000000 1.000000 0.000000 0.000000 -0.000000 0.000000 1.000000 0.000000 -0.000000 0.000000 0.000000 1.000000
6
0.999402 0.034578 0.000000 0.000000 -0.034578 0.999402 -0.000000 0.000000 -0.000000 0.000000 1.000000 0.000000 0.723008 0.012503 0.000000 1.000000
0.999045 0.043688 -0.000000 0.000000 -0.043688 0.999045 0.000000 0.000000 0.000000 0.000000 1.000000 0.000000 1.178403 0.030338 -0.000000 1.000000
0.598973 -0.800769 0.000000 0.000000 0.800769 0.598973 -0.000000 0.000000 -0.000000 0.000000 1.000000 0.000000 -32.363197 28.281912 -0.000000 1.000000
0.542196 0.840252 0.000000 0.000000 -0.840252 0.542196 0.000000 0.000000 -0.000000 -0.000000 1.000000 0.000000 31.776310 30.501045 0.000000 1.000000
1.000000 0.000000 -0.000000 0.000000 -0.000000 1.000000 0.000000 0.000000 0.000000 -0.000000 1.000000 0.000000 0.000000 0.000000 0.000000 1.000000
1.000000 -0.000000 0.000000 0.000000 0.000000 1.000000 0.000000 0.000000 -0.000000 0.000000 1.000000 0.000000 -0.000000 0.000000 0.000000 1.000000
6
0.999590 0.028636 0.000000 0.000000 -0.028636 0.999590 -0.000000 0.000000 -0.000000 0.000000 1.000000 0.000000 0.598773 0.008575 0.000000 1.000000
0.999672 0.025594 0.000000 0.000000 -0.025594 0.999672 0.000000 0.000000 -0.000000 -0.000000 1.000000 0.000000 0.446694 0.004450 -0.000000 1.000000
0.617486 -0.786582 0.000000 0.000000 0.786582 0.617486 -0.000000 0.000000 -0.000000 0.000000 1.000000 0.000000 -31.794966 27.202875 -0.000000 1.000000
0.571443 0.820642 0.000000 0.000000 -0.820642 0.571443 0.000000 0.000000 -0.000000 -0.000000 1.000000 0.000000 31.382566 29.012793 0.000000 1.000000
1.000000 0.000000 -0.000000 0.000000 -0.000000 1.000000 0.000000 0.000000 0.000000 -0.000000 1.000000 0.000000 0.000000 0.000000 0.000000 1.000000
1.000000 -0.000000 0.000000 0.000000 0.000000 1.000000 0.000000 0.000000 -0.000000 0.000000 1.000000 0.000000 -0.000000 0.000000 0.000000 1.000000
6
0.999748 0.022461 0.000000 0.000000 -0.022461 0.999748 -0.000000 0.000000 -0.000000 0.000000 1.000000 0.000000 0.469660 0.005275 0.000000 1.000000
0.999973 0.007311 0.000000 0.000000 -0.007311 0.999973 0.000000 0.000000 -0.000000 -0.000000 1.000000 0.000000 -0.287631 -0.005999 -0.000000 1.000000
0.632125 -0.774867 0.000000 0.000000 0.774867 0.632125 -0.000000 0.000000 -0.000000 0.000000 1.000000 0.000000 -31.286839 26.326086 -0.000000 1.000000
0.596687 0.802474 0.000000 0.000000 -0.802474 0.596687 0.000000 0.000000 -0.000000 -0.000000 1.000000 0.000000 31.012033 27.725773 0.000000 1.000000
1.000000 0.000000 -0.000000 0.000000 -0.000000 1.000000 0.000000 0.000000 0.000000 -0.000000 1.000000 0.000000 0.000000 0.000000 0.000000 1.000000
1.000000 -0.000000 0.000000 0.000000 0.000000 1.000000 0.000000 0.000000 -0.000000 0.000000 1.000000 0.000000 -0.000000 0.000000 0.000000 1.000000
6
0.999870 0.016111 0.000000 0.000000 -0.016111 0.999870 -0.000000 0.000000 -0.000000 0.000000 1.000000 0.000000 0.336885 0.002714 0.000000 1.000000
0.999941 -0.010885 0.000000 0.000000 0.010885 0.999941 0.000000 0.000000 -0.000000 -0.000000 1.000000 0.000000 -1.012532 -0.000812 -0.000000 1.000000
0.642136 -0.766590 0.000000 0.000000 0.766590 0.642136 -0.000000 0.000000 -0.000000 0.000000 1.000000 0.000000 -30.875071 25.697895 -0.000000 1.000000
0.617104 0.786881 0.000000 0.000000 -0.786881 0.617104 0.000000 0.000000 -0.000000 -0.000000 1.000000 0.000000 30.704792 26.690182 0.000000 1.000000
1.000000 0.000000 -0.000000 0.000000 -0.000000 1.000000 0.000000 0.000000 0.000000 -0.000000 1.000000 0.000000 0.000000 0.000000 0.000000 1.000000
1.000000 -0.000000 0.000000 0.000000 0.000000 1.000000 0.000000 0.000000 -0.000000 0.000000 1.000000 0.000000 -0.000000 0.000000 0.000000 1.000000
6
0.999954 0.009645 0.000000 0.000000 -0.009645 0.999954 -0.000000 0.000000 -0.000000 0.000000 1.000000 0.000000 0.201668 0.000972 0.000000 1.000000
0.999587 -0.028720 0.000000 0.000000 0.028720 0.999587 0.000000 0.000000 -0.000000 0.000000 1.000000 0.000000 -1.715970 0.019266 -0.000000 1.000000
0.646760 -0.762693 0.000000 0.000000 0.762693 0.646760 -0.000000 0.000000 -0.000000 0.000000 1.000000 0.000000 -30.594633 25.364817 -0.000000 1.000000
0.631929 0.775026 0.000000 0.000000 -0.775026 0.631929 0.000000 0.000000 -0.000000 -0.000000 1.000000 0.000000 30.503029 25.954132 0.000000 1.000000
1.000000 0.000000 -0.000000 0.000000 -0.000000 1.000000 0.000000 0.000000 0.000000 -0.000000 1.000000 0.000000 0.000000 0.000000 0.000000 1.000000
1.000000 -0.000000 0.000000 0.000000 0.000000 1.000000 0.000000 0.000000 -0.000000 0.000000 1.000000 0.000000 -0.000000 0.000000 0.000000 1.000000
6
0.999995 0.003119 0.000000 0.000000 -0.003119 0.999995 -0.000000 0.000000 -0.000000 0.000000 1.000000 0.000000 0.065228 0.000101 0.000000 1.000000
0.998945 -0.045919 0.000000 0.000000 0.045919 0.998945 0.000000 0.000000 -0.000000 0.000000 1.000000 0.000000 -2.385953 0.052584 -0.000000 1.000000
0.645174 -0.764036 0.000000 0.000000 0.764036 0.645174 -0.000000 0.000000 -0.000000 0.000000 1.000000 0.000000 -30.476116 25.375242 -0.000000 1.000000
0.640395 0.768046 0.000000 0.000000 -0.768046 0.640395 0.000000 0.000000 -0.000000 -0.000000 1.000000 0.000000 30.447681 25.565315 0.000000 1.000000
1.000000 0.000000 -0.000000 0.000000 -0.000000 1.000000 0.000000 0.000000 0.000000 -0.000000 1.000000 0.000000 0.000000 0.000000 0.000000 1.000000
1.000000 -0.000000 0.000000 0.000000 0.000000 1.000000 0.000000 0.000000 -0.000000 0.000000 1.000000 0.000000 -0.000000 0.000000 0.000000 1.000000
6
0.999994 -0.003406 0.000000 0.000000 0.003406 0.999994 -0.000000 0.000000 -0.000000 0.000000 1.000000 0.000000 -0.071215 0.000121 0.000000 1.000000
0.998063 -0.062211 0.000000 0.000000 0.062211 0.998063 0.000000 0.000000 -0.000000 0.000000 1.000000 0.000000 -3.010572 0.096651 -0.000000 1.000000
0.636752 -0.771069 0.000000 0.000000 0.771069 0.636752 -0.000000 0.000000 -0.000000 0.000000 1.000000 0.000000 -30.533888 25.763706 -0.000000 1.000000
0.641989 0.766714 0.000000 0.000000 -0.766714 0.641989 0.000000 0.000000 -0.000000 -0.000000 1.000000 0.000000 30.566261 25.555628 0.000000 1.000000
1.000000 0.000000 -0.000000 0.000000 -0.000000 1.000000 0.000000 0.000000 0.000000 -0.000000 1.000000 0.000000 0.000000 0.000000 0.000000 1.000000
1.000000 -0.000000 0.000000 0.000000 0.000000 1.000000 0.000000 0.000000 -0.000000 0.000000 1.000000 0.000000 -0.000000 0.000000 0.000000 1.000000
6
0.999951 -0.009873 0.000000 0.000000 0.009873 0.999951 -0.000000 0.000000 -0.000000 0.000000 1.000000 0.000000 -0.206440 0.001019 0.000000 1.000000
0.997006 -0.077325 0.000000 0.000000 0.077325 0.997006 0.000000 0.000000 -0.000000 0.000000 1.000000 0.000000 -3.578028 0.148241 -0.000000 1.000000
0.622002 -0.783016 0.000000 0.000000 0.783016 0.622002 -0.000000 0.000000 -0.000000 0.000000 1.000000 0.000000 -30.740240 26.498482 -0.000000 1.000000
0.637341 0.770582 0.000000 0.000000 -0.770582 0.637341 0.000000 0.000000 -0.000000 -0.000000 1.000000 0.000000 30.844616 25.890450 0.000000 1.000000
1.000000 0.000000 -0.000000 0.000000 -0.000000 1.000000 0.000000 0.000000 0.000000 -0.000000 1.000000 0.000000 0.000000 0.000000 0.000000 1.000000
1.000000 -0.000000 0.000000 0.000000 0.000000 1.000000 0.000000 0.000000 -0.000000 0.000000 1.000000 0.000000 -0.000000 0.000000 0.000000 1.000000
6
0.999868 -0.016223 0.000000 0.000000 0.016223 0.999868 -0.000000 0.000000 -0.000000 0.000000 1.000000 0.000000 -0.339228 0.002752 0.000000 1.000000
0.995851 -0.090995 0.000000 0.000000 0.090995 0.995851 0.000000 0.000000 -0.000000 0.000000 1.000000 0.000000 -4.076645 0.203541 -0.000000 1.000000
0.601682 -0.798736 0.000000 0.000000 0.798736 0.601682 -0.000000 0.000000 -0.000000 0.000000 1.000000 0.000000 -31.053936 27.532135 -0.000000 1.000000
0.627278 0.778795 0.000000 0.000000 -0.778795 0.627278 0.000000 0.000000 -0.000000 -0.000000 1.000000 0.000000 31.252457 26.521198 0.000000 1.000000
1.000000 0.000000 -0.000000 0.000000 -0.000000 1.000000 0.000000 0.000000 0.000000 -0.000000 1.000000 0.000000 0.000000 0.000000 0.000000 1.000000
1.000000 -0.000000 0.000000 0.000000 0.000000 1.000000 0.000000 0.000000 -0.000000 0.000000 1.000000 0.000000 -0.000000 0.000000 0.000000 1.000000
6
0.999749 -0.022399 0.000000 0.000000 0.022399 0.999749 -0.000000 0.000000 -0.000000 0.000000 1.000000 0.000000 -0.468359 0.005246 0.000000 1.000000
0.994686 -0.102954 0.000000 0.000000 0.102954 0.994686 0.000000 0.000000 -0.000000 0.000000 1.000000 0.000000 -4.494870 0.258318 -0.000000 1.000000
0.576552 -0.817061 0.000000 0.000000 0.817061 0.576552 -0.000000 0.000000 -0.000000 0.000000 1.000000 0.000000 -31.432491 28.816820 -0.000000 1.000000
0.612567 0.790419 0.000000 0.000000 -0.790419 0.612567 0.000000 0.000000 -0.000000 -0.000000 1.000000 0.000000 31.755104 27.401140 0.000000 1.000000
1.000000 0.000000 -0.000000 0.000000 -0.000000 1.000000 0.000000 0.000000 0.000000 -0.000000 1.000000 0.000000 0.000000 0.000000 0.000000 1.000000
1.000000 -0.000000 0.000000 0.000000 0.000000 1.000000 0.000000 0.000000 -0.000000 0.000000 1.000000 0.000000 -0.000000 0.000000 0.000000 1.000000
6
0.999598 -0.028342 0.000000 0.000000 0.028342 0.999598 -0.000000 0.000000 -0.000000 0.000000 1.000000 0.000000 -0.592616 0.008399 0.000000 1.000000
0.993602 -0.112940 0.000000 0.000000 0.112940 0.993602 0.000000 0.000000 -0.000000 0.000000 1.000000 0.000000 -4.821254 0.308134 -0.000000 1.000000
0.547428 -0.836853 0.000000 0.000000 0.836853 0.547428 -0.000000 0.000000 -0.000000 0.000000 1.000000 0.000000 -31.835512 30.302586 -0.000000 1.000000
0.593965 0.804491 0.000000 0.000000 -0.804491 0.593965 0.000000 0.000000 -0.000000 -0.000000 1.000000 0.000000 32.316593 28.483702 0.000000 1.000000
1.000000 0.000000 -0.000000 0.000000 -0.000000 1.000000 0.000000 0.000000 0.000000 -0.000000 1.000000 0.000000 0.000000 0.000000 0.000000 1.000000
1.000000 -0.000000 0.000000 0.000000 0.000000 1.000000 0.000000 0.000000 -0.000000 0.000000 1.000000 0.000000 -0.000000 0.000000 0.000000 1.000000
6
0.999422 -0.033993 0.000000 0.000000 0.033993 0.999422 -0.000000 0.000000 -0.000000 0.000000 1.000000 0.000000 -0.710782 0.012084 0.000000 1.000000
0.992690 -0.120692 0.000000 0.000000 0.120692 0.992690 0.000000 0.000000 -0.000000 0.000000 1.000000 0.000000 -5.044418 0.348586 -0.000000 1.000000
0.515217 -0.857060 0.000000 0.000000 0.857060 0.515217 -0.000000 0.000000 -0.000000 0.000000 1.000000 0.000000 -32.227512 31.936407 -0.000000 1.000000
0.572261 0.820072 0.000000 0.000000 -0.820072 0.572261 0.000000 0.000000 -0.000000 -0.000000 1.000000 0.000000 32.902275 29.721201 0.000000 1.000000
1.000000 0.000000 -0.000000 0.000000 -0.000000 1.000000 0.000000 0.000000 0.000000 -0.000000 1.000000 0.000000 0.000000 0.000000 0.000000 1.000000
1.000000 -0.000000 0.000000 0.000000 0.000000 1.000000 0.000000 0.000000 -0.000000 0.000000 1.000000 0.000000 -0.000000 0.000000 0.000000 1.000000
6
0.999228 -0.039295 0.000000 0.000000 0.039295 0.999228 -0.000000 0.000000 -0.000000 0.000000 1.000000 0.000000 -0.821644 0.016149 0.000000 1.000000
0.992036 -0.125957 0.000000 0.000000 0.125957 0.992036 0.000000 0.000000 -0.000000 0.000000 1.000000 0.000000 -5.153433 0.375638 -0.000000 1.000000
0.480935 -0.876756 0.000000 0.000000 0.876756 0.480935 0.000000 0.000000 -0.000000 0.000000 1.000000 0.000000 -32.580097 33.661858 -0.000000 1.000000
0.548301 0.836281 0.000000 0.000000 -0.836281 0.548301 0.000000 0.000000 -0.000000 -0.000000 1.000000 0.000000 33.480911 31.064024 0.000000 1.000000
1.000000 0.000000 -0.000000 0.000000 -0.000000 1.000000 0.000000 0.000000 0.000000 -0.000000 1.000000 0.000000 0.000000 0.000000 0.000000 1.000000
1.000000 -0.000000 0.000000 0.000000 0.000000 1.000000 0.000000 0.000000 -0.000000 0.000000 1.000000 0.000000 -0.000000 0.000000 0.000000 1.000000
6
0.999023 -0.044189 0.000000 0.000000 0.044189 0.999023 -0.000000 0.000000 -0.000000 0.000000 1.000000 0.000000 -0.923988 0.020425 0.000000 1.000000
0.991686 -0.128682 0.000000 0.000000 0.128682 0.991686 0.000000 0.000000 -0.000000 0.000000 1.000000 0.000000 -5.147342 0.387178 -0.000000 1.000000
0.445710 -0.895177 0.000000 0.000000 0.895177 0.445710 0.000000 0.000000 -0.000000 0.000000 1.000000 0.000000 -32.873493 35.419403 -0.000000 1.000000
0.523007 0.852328 0.000000 0.000000 -0.852328 0.523007 0.000000 0.000000 -0.000000 -0.000000 1.000000 0.000000 34.026218 32.460281 0.000000 1.000000
1.000000 0.000000 -0.000000 0.000000 -0.000000 1.000000 0.000000 0.000000 0.000000 -0.000000 1.000000 0.000000 0.000000 0.000000 0.000000 1.000000
1.000000 -0.000000 0.000000 0.000000 0.000000 1.000000 0.000000 0.000000 -0.000000 0.000000 1.000000 0.000000 -0.000000 0.000000 0.000000 1.000000
6
0.998817 -0.048619 0.000000 0.000000 0.048619 0.998817 -0.000000 0.000000 -0.000000 0.000000 1.000000 0.000000 -1.016605 0.024727 0.000000 1.000000
0.991643 -0.129013 0.000000 0.000000 0.129013 0.991643 0.000000 0.000000 -0.000000 0.000000 1.000000 0.000000 -5.035091 0.383343 -0.000000 1.000000
0.410771 -0.911739 0.000000 0.000000 0.911739 0.410771 0.000000 0.000000 -0.000000 0.000000 1.000000 0.000000 -33.097313 37.147110 -0.000000 1.000000
0.497379 0.867533 0.000000 0.000000 -0.867533 0.497379 0.000000 0.000000 -0.000000 -0.000000 1.000000 0.000000 34.517876 33.855885 0.000000 1.000000
1.000000 0.000000 -0.000000 0.000000 -0.000000 1.000000 0.000000 0.000000 0.000000 -0.000000 1.000000 0.000000 0.000000 0.000000 0.000000 1.000000
1.000000 -0.000000 0.000000 0.000000 0.000000 1.000000 0.000000 0.000000 -0.000000 0.000000 1.000000 0.000000 -0.000000 0.000000 0.000000 1.000000
6
0.998620 -0.052525 0.000000 0.000000 0.052525 0.998620 -0.000000 0.000000 -0.000000 0.000000 1.000000 0.000000 -1.098285 0.028863 0.000000 1.000000
0.991890 -0.127101 0.000000 0.000000 0.127101 0.991890 0.000000 0.000000 -0.000000 0.000000 1.000000 0.000000 -4.825944 0.365252 -0.000000 1.000000
0.377426 -0.926040 0.000000 0.000000 0.926040 0.377426 0.000000 0.000000 -0.000000 0.000000 1.000000 0.000000 -33.250492 38.781616 -0.000000 1.000000
0.472490 0.881336 0.000000 0.000000 -0.881336 0.472490 0.000000 0.000000 -0.000000 -0.000000 1.000000 0.000000 34.941895 35.194885 0.000000 1.000000
1.000000 0.000000 -0.000000 0.000000 -0.000000 1.000000 0.000000 0.000000 0.000000 -0.000000 1.000000 0.000000 0.000000 0.000000 0.000000 1.000000
1.000000 -0.000000 0.000000 0.000000 0.000000 1.000000 0.000000 0.000000 -0.000000 0.000000 1.000000 0.000000 -0.000000 0.000000 0.000000 1.000000
6
0.998439 -0.055851 0.000000 0.000000 0.055851 0.998439 -0.000000 0.000000 -0.000000 0.000000 1.000000 0.000000 -1.167822 0.032637 0.000000 1.000000
0.992395 -0.123096 0.000000 0.000000 0.123096 0.992395 0.000000 0.000000 -0.000000 0.000000 1.000000 0.000000 -4.529070 0.334764 -0.000000 1.000000
0.347042 -0.937850 0.000000 0.000000 0.937850 0.347042 0.000000 0.000000 -0.000000 0.000000 1.000000 0.000000 -33.340355 40.259075 -0.000000 1.000000
0.449472 0.893294 0.000000 0.000000 -0.893294 0.449472 0.000000 0.000000 -0.000000 -0.000000 1.000000 0.000000 35.290348 36.420048 0.000000 1.000000
1.000000 0.000000 -0.000000 0.000000 -0.000000 1.000000 0.000000 0.000000 0.000000 -0.000000 1.000000 0.000000 0.000000 0.000000 0.000000 1.000000
1.000000 -0.000000 0.000000 0.000000 0.000000 1.000000 0.000000 0.000000 -0.000000 0.000000 1.000000 0.000000 -0.000000 0.000000 0.000000 1.000000
6
0.998285 -0.058538 0.000000 0.000000 0.058538 0.998285 -0.000000 0.000000 -0.000000 0.000000 1.000000 0.000000 -1.224007 0.035856 0.000000 1.000000
0.993115 -0.117147 0.000000 0.000000 0.117147 0.993115 0.000000 0.000000 -0.000000 0.000000 1.000000 0.000000 -4.153571 0.294307 -0.000000 1.000000
0.321012 -0.947075 0.000000 0.000000 0.947075 0.321012 0.000000 0.000000 -0.000000 0.000000 1.000000 0.000000 -33.380802 41.515999 -0.000000 1.000000
0.429501 0.903067 0.000000 0.000000 -0.903067 0.429501 0.000000 0.000000 0.000000 -0.000000 1.000000 0.000000 35.560402 37.473442 0.000000 1.000000
1.000000 0.000000 -0.000000 0.000000 -0.000000 1.000000 0.000000 0.000000 0.000000 -0.000000 1.000000 0.000000 0.000000 0.000000 0.000000 1.000000
1.000000 -0.000000 0.000000 0.000000 0.000000 1.000000 0.000000 0.000000 -0.000000 0.000000 1.000000 0.000000 -0.000000 0.000000 0.000000 1.000000
6
0.998166 -0.060528 0.000000 0.000000 0.060528 0.998166 -0.000000 0.000000 -0.000000 0.000000 1.000000 0.000000 -1.265635 0.038338 0.000000 1.000000
0.993998 -0.109401 0.000000 0.000000 0.109401 0.993998 0.000000 0.000000 -0.000000 0.000000 1.000000 0.000000 -3.708507 0.246713 -0.000000 1.000000
0.300734 -0.953708 0.000000 0.000000 0.953708 0.300734 0.000000 0.000000 -0.000000 0.000000 1.000000 0.000000 -33.389656 42.489735 -0.000000 1.000000
0.413772 0.910381 0.000000 0.000000 -0.910381 0.413772 0.000000 0.000000 0.000000 -0.000000 1.000000 0.000000 35.752636 38.297001 0.000000 1.000000
1.000000 0.000000 -0.000000 0.000000 -0.000000 1.000000 0.000000 0.000000 0.000000 -0.000000 1.000000 0.000000 0.000000 0.000000 0.000000 1.000000
1.000000 -0.000000 0.000000 0.000000 0.000000 1.000000 0.000000 0.000000 -0.000000 0.000000 1.000000 0.000000 -0.000000 0.000000 0.000000 1.000000
6
0.998091 -0.061765 0.000000 0.000000 0.061765 0.998091 -0.000000 0.000000 -0.000000 0.000000 1.000000 0.000000 -1.291499 0.039923 0.000000 1.000000
0.994987 -0.100006 0.000000 0.000000 0.100006 0.994987 0.000000 0.000000 -0.000000 0.000000 1.000000 0.000000 -3.202939 0.195068 -0.000000 1.000000
0.287589 -0.957754 0.000000 0.000000 0.957754 0.287589 0.000000 0.000000 -0.000000 0.000000 1.000000 0.000000 -33.385170 43.118576 -0.000000 1.000000
0.403481 0.914988 0.000000 0.000000 -0.914988 0.403481 0.000000 0.000000 0.000000 -0.000000 1.000000 0.000000 35.868702 38.832932 0.000000 1.000000
1.000000 0.000000 -0.000000 0.000000 -0.000000 1.000000 0.000000 0.000000 0.000000 -0.000000 1.000000 0.000000 0.000000 0.000000 0.000000 1.000000
1.000000 -0.000000 0.000000 0.000000 0.000000 1.000000 0.000000 0.000000 -0.000000 0.000000 1.000000 0.000000 -0.000000 0.000000 0.000000 1.000000
6
0.998064 -0.062191 0.000000 0.000000 0.062191 0.998064 -0.000000 0.000000 -0.000000 0.000000 1.000000 0.000000 -1.300389 0.040475 0.000000 1.000000
0.996022 -0.089110 0.000000 0.000000 0.089110 0.996022 0.000000 0.000000 -0.000000 0.000000 1.000000 0.000000 -2.645944 0.142569 -0.000000 1.000000
0.282918 -0.959144 0.000000 0.000000 0.959144 0.282918 0.000000 0.000000 -0.000000 0.000000 1.000000 0.000000 -33.381767 43.341633 -0.000000 1.000000
0.399798 0.916603 0.000000 0.000000 -0.916603 0.399798 0.000000 0.000000 0.000000 -0.000000 1.000000 0.000000 35.908272 39.024120 0.000000 1.000000
1.000000 0.000000 -0.000000 0.000000 -0.000000 1.000000 0.000000 0.000000 0.000000 -0.000000 1.000000 0.000000 0.000000 0.000000 0.000000 1.000000
1.000000 -0.000000 0.000000 0.000000 0.000000 1.000000 0.000000 0.000000 -0.000000 0.000000 1.000000 0.000000 -0.000000 0.000000 0.000000 1.000000
6
0.998091 -0.061765 0.000000 0.000000 0.061765 0.998091 -0.000000 0.000000 -0.000000 0.000000 1.000000 0.000000 -1.291499 0.039923 0.000000 1.000000
0.997040 -0.076881 0.000000 0.000000 0.076881 0.997040 0.000000 0.000000 -0.000000 0.000000 1.000000 0.000000 -2.047052 0.092428 -0.000000 1.000000
0.287589 -0.957754 0.000000 0.000000 0.957754 0.287589 0.000000 0.000000 -0.000000 0.000000 1.000000 0.000000 -33.385170 43.118576 -0.000000 1.000000
0.403481 0.914988 0.000000 0.000000 -0.914988 0.403481 0.000000 0.000000 0.000000 -0.000000 1.000000 0.000000 35.868702 38.832932 0.000000 1.000000
1.000000 0.000000 -0.000000 0.000000 -0.000000 1.000000 0.000000 0.000000 0.000000 -0.000000 1.000000 0.000000 0.000000 0.000000 0.000000 1.000000
1.000000 -0.000000 0.000000 0.000000 0.000000 1.000000 0.000000 0.000000 -0.000000 0.000000 1.000000 0.000000 -0.000000 0.000000 0.000000 1.000000
6
0.998166 -0.060528 0.000000 0.000000 0.060528 0.998166 -0.000000 0.000000 -0.000000 0.000000 1.000000 0.000000 -1.265635 0.038338 0.000000 1.000000
0.997978 -0.063566 0.000000 0.000000 0.063566 0.997978 0.000000 0.000000 -0.000000 0.000000 1.000000 0.000000 -1.417477 0.047778 -0.000000 1.000000
0.300734 -0.953708 0.000000 0.000000 0.953708 0.300734 0.000000 0.000000 -0.000000 0.000000 1.000000 0.000000 -33.389656 42.489735 -0.000000 1.000000
0.413772 0.910381 0.000000 0.000000 -0.910381 0.413772 0.000000 0.000000 0.000000 -0.000000 1.000000 0.000000 35.752636 38.297001 0.000000 1.000000
1.000000 0.000000 -0.000000 0.000000 -0.000000 1.000000 0.000000 0.000000 0.000000 -0.000000 1.000000 0.000000 0.000000 0.000000 0.000000 1.000000
1.000000 -0.000000 0.000000 0.000000 0.000000 1.000000 0.000000 0.000000 -0.000000 0.000000 1.000000 0.000000 -0.000000 0.000000 0.000000 1.000000
6
0.998285 -0.058538 0.000000 0.000000 0.058538 0.998285 -0.000000 0.000000 -0.000000 0.000000 1.000000 0.000000 -1.224007 0.035856 0.000000 1.000000
0.998777 -0.049433 -0.000000 0.000000 0.049433 0.998777 0.000000 0.000000 0.000000 -0.000000 1.000000 0.000000 -0.768928 0.011252 -0.000000 1.000000
0.321012 -0.947075 0.000000 0.000000 0.947075 0.321012 0.000000 0.000000 -0.000000 0.000000 1.000000 0.000000 -33.380802 41.515999 -0.000000 1.000000
0.429501 0.903067 0.000000 0.000000 -0.903067 0.429501 0.000000 0.000000 0.000000 -0.000000 1.000000 0.000000 35.560402 37.473442 0.000000 1.000000
1.000000 0.000000 -0.000000 0.000000 -0.000000 1.000000 0.000000 0.000000 0.000000 -0.000000 1.000000 0.000000 0.000000 0.000000 0.000000 1.000000
1.000000 -0.000000 0.000000 0.000000 0.000000 1.000000 0.000000 0.000000 -0.000000 0.000000 1.000000 0.000000 -0.000000 0.000000 0.000000 1.000000
6
0.998439 -0.055851 0.000000 0.000000 0.055851 0.998439 -0.000000 0.000000 -0.000000 0.000000 1.000000 0.000000 -1.167821 0.032637 0.000000 1.000000
0.999396 -0.034752 -0.000000 0.000000 0.034752 0.999396 0.000000 0.000000 0.000000 -0.000000 1.000000 0.000000 -0.113198 -0.015190 -0.000000 1.000000
0.347042 -0.937850 0.000000 0.000000 0.937850 0.347042 0.000000 0.000000 -0.000000 0.000000 1.000000 0.000000 -33.340355 40.259075 -0.000000 1.000000
0.449472 0.893294 0.000000 0.000000 -0.893294 0.449472 0.000000 0.000000 -0.000000 -0.000000 1.000000 0.000000 35.290348 36.420048 0.000000 1.000000
1.000000 0.000000 -0.000000 0.000000 -0.000000 1.000000 0.000000 0.000000 0.000000 -0.000000 1.000000 0.000000 0.000000 0.000000 0.000000 1.000000
1.000000 -0.000000 0.000000 0.000000 0.000000 1.000000 0.000000 0.000000 -0.000000 0.000000 1.000000 0.000000 -0.000000 0.000000 0.000000 1.000000
6
0.998620 -0.052525 0.000000 0.000000 0.052525 0.998620 -0.000000 0.000000 -0.000000 0.000000 1.000000 0.000000 -1.098285 0.028863 0.000000 1.000000
0.999804 -0.019792 -0.000000 0.000000 0.019792 0.999804 0.000000 0.000000 0.000000 -0.000000 1.000000 0.000000 0.537844 -0.030343 -0.000000 1.000000
0.377426 -0.926040 0.000000 0.000000 0.926040 0.377426 0.000000 0.000000 -0.000000 0.000000 1.000000 0.000000 -33.250492 38.781616 -0.000000 1.000000
0.472490 0.881336 0.000000 0.000000 -0.881336 0.472490 0.000000 0.000000 -0.000000 -0.000000 1.000000 0.000000 34.941895 35.194885 0.000000 1.000000
1.000000 0.000000 -0.000000 0.000000 -0.000000 1.000000 0.000000 0.000000 0.000000 -0.000000 1.000000 0.000000 0.000000 0.000000 0.000000 1.000000
1.000000 -0.000000 0.000000 0.000000 0.000000 1.000000 0.000000 0.000000 -0.000000 0.000000 1.000000 0.000000 -0.000000 0.000000 0.000000 1.000000
6
0.998817 -0.048619 0.000000 0.000000 0.048619 0.998817 -0.000000 0.000000 -0.000000 0.000000 1.000000 0.000000 -1.016605 0.024727 0.000000 1.000000
0.999988 -0.004827 -0.000000 0.000000 0.004827 0.999988 0.000000 0.000000 0.000000 -0.000000 1.000000 0.000000 1.172291 -0.033801 -0.000000 1.000000
0.410771 -0.911739 0.000000 0.000000 0.911739 0.410771 0.000000 0.000000 -0.000000 0.000000 1.000000 0.000000 -33.097313 37.147110 -0.000000 1.000000
0.497379 0.867533 0.000000 0.000000 -0.867533 0.497379 0.000000 0.000000 -0.000000 -0.000000 1.000000 0.000000 34.517876 33.855885 0.000000 1.000000
1.000000 0.000000 -0.000000 0.000000 -0.000000 1.000000 0.000000 0.000000 0.000000 -0.000000 1.000000 0.000000 0.000000 0.000000 0.000000 1.000000
1.000000 -0.000000 0.000000 0.000000 0.000000 1.000000 0.000000 0.000000 -0.000000 0.000000 1.000000 0.000000 -0.000000 0.000000 0.000000 1.000000
6
0.999023 -0.044189 0.000000 0.000000 0.044189 0.999023 -0.000000 0.000000 -0.000000 0.000000 1.000000 0.000000 -0.923988 0.020425 0.000000 1.000000
0.999951 0.009871 -0.000000 0.000000 -0.009871 0.999951 0.000000 0.000000 0.000000 -0.000000 1.000000 0.000000 1.778215 -0.025966 -0.000000 1.000000
0.445710 -0.895177 0.000000 0.000000 0.895177 0.445710 0.000000 0.000000 -0.000000 0.000000 1.000000 0.000000 -32.873493 35.419403 -0.000000 1.000000
0.523007 0.852328 0.000000 0.000000 -0.852328 0.523007 0.000000 0.000000 -0.000000 -0.000000 1.000000 0.000000 34.026218 32.460281 0.000000 1.000000
1.000000 0.000000 -0.000000 0.000000 -0.000000 1.000000 0.000000 0.000000 0.000000 -0.000000 1.000000 0.000000 0.000000 0.000000 0.000000 1.000000
1.000000 -0.000000 0.000000 0.000000 0.000000 1.000000 0.000000 0.000000 -0.000000 0.000000 1.000000 0.000000 -0.000000 0.000000 0.000000 1.000000
6
0.999228 -0.039295 0.000000 0.000000 0.039295 0.999228 -0.000000 0.000000 -0.000000 0.000000 1.000000 0.000000 -0.821644 0.016149 0.000000 1.000000
0.999711 0.024032 -0.000000 0.000000 -0.024032 0.999711 0.000000 0.000000 0.000000 -0.000000 1.000000 0.000000 2.343709 -0.008020 -0.000000 1.000000
0.480935 -0.876756 0.000000 0.000000 0.876756 0.480935 -0.000000 0.000000 -0.000000 0.000000 1.000000 0.000000 -32.580097 33.661858 -0.000000 1.000000
0.548301 0.836281 0.000000 0.000000 -0.836281 0.548301 0.000000 0.000000 -0.000000 -0.000000 1.000000 0.000000 33.480911 31.064024 0.000000 1.000000
1.000000 0.000000 -0.000000 0.000000 -0.000000 1.000000 0.000000 0.000000 0.000000 -0.000000 1.000000 0.000000 0.000000 0.000000 0.000000 1.000000
1.000000 -0.000000 0.000000 0.000000 0.000000 1.000000 0.000000 0.000000 -0.000000 0.000000 1.000000 0.000000 -0.000000 0.000000 0.000000 1.000000
6
0.999422 -0.033993 0.000000 0.000000 0.033993 0.999422 -0.000000 0.000000 -0.000000 0.000000 1.000000 0.000000 -0.710783 0.012084 0.000000 1.000000
0.999301 0.037383 -0.000000 0.000000 -0.037383 0.999301 0.000000 0.000000 0.000000 0.000000 1.000000 0.000000 2.856904 0.018135 -0.000000 1.000000
0.515217 -0.857060 0.000000 0.000000 0.857060 0.515217 -0.000000 0.000000 -0.000000 0.000000 1.000000 0.000000 -32.227512 31.936407 -0.000000 1.000000
